{
  "audits": [
    {
      "percent_polling": 0.05,
      "N_relevant": 104000,
      "N_w": 53000,
      "N_l": 51000,
      "N_2": 5200,
      "N_1": 98800,
      "N_w1": 50350,
      "N_l1": 48450,
      "N_w2": 2650,
      "N_l2": 2550,
      "minerva_round_size": 81,
      "minerva_combined_pvalue": 0.08194230646609224,
      "minerva_comparison_pvalue": 0.2316366055105105,
      "minerva_polling_pvalue": 0.06884375006266029,
      "minerva_alloc_lambda": 0.20000000000000173,
      "r2bravo_round_size": 198,
      "r2bravo_combined_pvalue": 0.1152830835396359,
      "r2bravo_comparison_pvalue": 0.02568557924849191,
      "r2bravo_polling_pvalue": 0.9529040413447207,
      "r2bravo_alloc_lambda": 0.5000000000000022
    },
    {
      "percent_polling": 0.1,
      "N_relevant": 104000,
      "N_w": 53000,
      "N_l": 51000,
      "N_2": 10400,
      "N_1": 93600,
      "N_w1": 47700,
      "N_l1": 45900,
      "N_w2": 5300,
      "N_l2": 5100,
      "minerva_round_size": 310,
      "minerva_combined_pvalue": 0.10970093798868896,
      "minerva_comparison_pvalue": 0.6799859639994035,
      "minerva_polling_pvalue": 0.03380042300235829,
      "minerva_alloc_lambda": 0.04999999999998472,
      "r2bravo_round_size": 716,
      "r2bravo_combined_pvalue": 0.0978335766087115,
      "r2bravo_comparison_pvalue": 0.030859549037904763,
      "r2bravo_polling_pvalue": 0.6447294700290516,
      "r2bravo_alloc_lambda": 0.4499999999999833
    },
    {
      "percent_polling": 0.15,
      "N_relevant": 104000,
      "N_w": 53000,
      "N_l": 51000,
      "N_2": 15600,
      "N_1": 88400,
      "N_w1": 45050,
      "N_l1": 43350,
      "N_w2": 7950,
      "N_l2": 7650,
      "minerva_round_size": 698,
      "minerva_combined_pvalue": 0.09869757311779481,
      "minerva_comparison_pvalue": 1.0,
      "minerva_polling_pvalue": 0.020116935455599966,
      "minerva_alloc_lambda": -2.4868995751603507e-14,
      "r2bravo_round_size": 1456,
      "r2bravo_combined_pvalue": 0.1062941819872576,
      "r2bravo_comparison_pvalue": 0.03788289931218796,
      "r2bravo_polling_pvalue": 0.5829962525408182,
      "r2bravo_alloc_lambda": 0.3999999999999737
    },
    {
      "percent_polling": 0.2,
      "N_relevant": 104000,
      "N_w": 53000,
      "N_l": 51000,
      "N_2": 20800,
      "N_1": 83200,
      "N_w1": 42400,
      "N_l1": 40800,
      "N_w2": 10600,
      "N_l2": 10200,
      "minerva_round_size": 1257,
      "minerva_combined_pvalue": 0.095260508366656,
      "minerva_comparison_pvalue": 0.9999999999988343,
      "minerva_polling_pvalue": 0.01924197741688446,
      "minerva_alloc_lambda": 1.3677947663381929e-13,
      "r2bravo_round_size": 2080.0,
      "r2bravo_combined_pvalue": 0.15525811228744735,
      "r2bravo_comparison_pvalue": 0.11394356322925482,
      "r2bravo_polling_pvalue": 0.31485241394227154,
      "r2bravo_alloc_lambda": 0.25000000000014033
    },
    {
      "percent_polling": 0.25,
      "N_relevant": 104000,
      "N_w": 53000,
      "N_l": 51000,
      "N_2": 26000,
      "N_1": 78000,
      "N_w1": 39750,
      "N_l1": 38250,
      "N_w2": 13250,
      "N_l2": 12750,
      "minerva_round_size": 1963,
      "minerva_combined_pvalue": 0.09598868434938879,
      "minerva_comparison_pvalue": 0.9999999999984179,
      "minerva_polling_pvalue": 0.01942651820076776,
      "minerva_alloc_lambda": 1.7408297026122455e-13,
      "r2bravo_round_size": 2600.0,
      "r2bravo_combined_pvalue": 0.25629851078630494,
      "r2bravo_comparison_pvalue": 0.6294911070564522,
      "r2bravo_polling_pvalue": 0.11129074003164995,
      "r2bravo_alloc_lambda": 0.050000000000174794
    }
  ]
}