{
  "audits": [
    {
      "percent_polling": 0.05,
      "N_relevant": 104000,
      "N_w": 52500,
      "N_l": 51500,
      "N_2": 5200,
      "N_1": 98800,
      "N_w1": 49875,
      "N_l1": 48925,
      "N_w2": 2625,
      "N_l2": 2575,
      "minerva_round_size": 319,
      "minerva_combined_pvalue": 0.09267651029894519,
      "minerva_comparison_pvalue": 0.3598314068143381,
      "minerva_polling_pvalue": 0.051665117068157705,
      "minerva_alloc_lambda": 0.13985754999998415,
      "r2bravo_round_size": 792,
      "r2bravo_combined_pvalue": 0.099629631324607,
      "r2bravo_comparison_pvalue": 0.022642517159315916,
      "r2bravo_polling_pvalue": 0.8990125797149229,
      "r2bravo_alloc_lambda": 0.5178277899999821
    },
    {
      "percent_polling": 0.1,
      "N_relevant": 104000,
      "N_w": 52500,
      "N_l": 51500,
      "N_2": 10400,
      "N_1": 93600,
      "N_w1": 47250,
      "N_l1": 46350,
      "N_w2": 5250,
      "N_l2": 5150,
      "minerva_round_size": 1249,
      "minerva_combined_pvalue": 0.09883741688234726,
      "minerva_comparison_pvalue": 0.5940406995474716,
      "minerva_polling_pvalue": 0.033924854220863984,
      "minerva_alloc_lambda": 0.06752317000013561,
      "r2bravo_round_size": 2935,
      "r2bravo_combined_pvalue": 0.09811469836966258,
      "r2bravo_comparison_pvalue": 0.026478975276369478,
      "r2bravo_polling_pvalue": 0.7541024115204622,
      "r2bravo_alloc_lambda": 0.47032713500014156
    },
    {
      "percent_polling": 0.15,
      "N_relevant": 104000,
      "N_w": 52500,
      "N_l": 51500,
      "N_2": 15600,
      "N_1": 88400,
      "N_w1": 44625,
      "N_l1": 43775,
      "N_w2": 7875,
      "N_l2": 7725,
      "minerva_round_size": 2790,
      "minerva_combined_pvalue": 0.09700166769292029,
      "minerva_comparison_pvalue": 0.8529280714021066,
      "minerva_polling_pvalue": 0.023078122767636294,
      "minerva_alloc_lambda": 0.019481400000209825,
      "r2bravo_round_size": 5943,
      "r2bravo_combined_pvalue": 0.09993043482424646,
      "r2bravo_comparison_pvalue": 0.03574281301372576,
      "r2bravo_polling_pvalue": 0.5716725681314767,
      "r2bravo_alloc_lambda": 0.4075424380002153
    },
    {
      "percent_polling": 0.2,
      "N_relevant": 104000,
      "N_w": 52500,
      "N_l": 51500,
      "N_2": 20800,
      "N_1": 83200,
      "N_w1": 42000,
      "N_l1": 41200,
      "N_w2": 10500,
      "N_l2": 10300,
      "minerva_round_size": 4926,
      "minerva_combined_pvalue": 0.09991012158170043,
      "minerva_comparison_pvalue": 0.999999999997502,
      "minerva_polling_pvalue": 0.020427964764590516,
      "minerva_alloc_lambda": 2.843094607740817e-13,
      "r2bravo_round_size": 9852,
      "r2bravo_combined_pvalue": 0.09996546775072157,
      "r2bravo_comparison_pvalue": 0.047499066739535876,
      "r2bravo_polling_pvalue": 0.4303703659349048,
      "r2bravo_alloc_lambda": 0.350862035150289
    }
  ]
}