{
  "audits": [
    {
      "weight1": 0.05,
      "weight2": 0.95,
      "proportion_polling": 0.05,
      "N_relevant": 104000,
      "N_w": 53040,
      "N_l": 50960,
      "N_2": 5200,
      "N_1": 98800,
      "N_w1": 50388,
      "N_l1": 48412,
      "N_w2": 2652,
      "N_l2": 2548,
      "minerva_round_size": 4,
      "minerva_combined_pvalue": 0.008651633813939852,
      "minerva_comparison_pvalue": 0.0011216889131642133,
      "minerva_polling_pvalue": 0.988251240668575,
      "minerva_alloc_lambda": 0.8900000000000025,
      "r2bravo_round_size": 173,
      "r2bravo_combined_pvalue": 0.09180236657913132,
      "r2bravo_comparison_pvalue": 0.022973743594438437,
      "r2bravo_polling_pvalue": 0.7996826149382876,
      "r2bravo_alloc_lambda": 0.49538170000000115
    },
    {
      "weight1": 0.1,
      "weight2": 0.9,
      "proportion_polling": 0.05,
      "N_relevant": 104000,
      "N_w": 53040,
      "N_l": 50960,
      "N_2": 5200,
      "N_1": 98800,
      "N_w1": 50388,
      "N_l1": 48412,
      "N_w2": 2652,
      "N_l2": 2548,
      "minerva_round_size": 4,
      "minerva_combined_pvalue": 0.008651633813939852,
      "minerva_comparison_pvalue": 0.0011216889131642133,
      "minerva_polling_pvalue": 0.988251240668575,
      "minerva_alloc_lambda": 0.8900000000000025,
      "r2bravo_round_size": 173,
      "r2bravo_combined_pvalue": 0.09180236657913132,
      "r2bravo_comparison_pvalue": 0.022973743594438437,
      "r2bravo_polling_pvalue": 0.7996826149382876,
      "r2bravo_alloc_lambda": 0.49538170000000115
    }
  ]
}